// -*- C++ -*-
// File generated by PyFoam - sorry for the ugliness

FoamFile
{
 version 2.0;
 format ascii; 	
 class dictionary; 	
 object blockMeshDict; 	
}

convertToMeters 1.0;

vertices
  (
    (0 0 0)
    (0.049049 0 0.0352568)
    (0.049049 0.1 0.0352568)
    (0 0.1 0)

    (-2 0 0)
    (-0.300949 0 1.97723)
    (-0.300949 0.1 1.97723)
    (-2 0.1 0)

    (1 0 0)
    (1 0.1 0)
    (1.05 0 2)
    (1.05 0.1 2)

    (4 0 0)
    (4 0.1 0)
    (4 0 2)
    (4 0.1 2)
  ); 	

blocks
  (
    hex (0 1 2 3 4 5 6 7) (10 1 30) simpleGrading (1.000000 1.000000 50.000000)
    hex (1 8 9 2 5 10 11 6) (40 1 30) simpleGrading (1.000000 1.000000 50.000000)
    hex (8 12 13 9 10 14 15 11) (20 1 30) simpleGrading (18.851000 1.000000 50.000000)
  ); 	

patches
  (
    empty frontAndBack

    (

      (
        5
        4
        0
        1
      )

      (
        7
        6
        2
        3
      )

      (
        10
        5
        1
        8
      )

      (
        6
        11
        9
        2
      )

      (
        14
        10
        8
        12
      )

      (
        11
        15
        13
        9
      )
    )
    wall FOIL

    (

      (
        3
        2
        1
        0
      )

      (
        2
        9
        8
        1
      )
    )
    patch INLET

    (

      (
        4
        5
        6
        7
      )
    )
    patch OUTLET

    (

      (
        15
        14
        12
        13
      )
    )
    patch SIDE

    (

      (
        10
        14
        15
        11
      )

      (
        5
        10
        11
        6
      )
    )
    symmetryPlane SYM

    (

      (
        4
        7
        3
        0
      )

      (
        9
        13
        12
        8
      )
    )
  ); 	

edges
  (
    polyLine 0 1 (
(0.000000 0.000000 0.000000)
(0.001001 0.000000 0.005560)
(0.002002 0.000000 0.007818)
(0.003003 0.000000 0.009533)
(0.004004 0.000000 0.010966)
(0.005005 0.000000 0.012219)
(0.006006 0.000000 0.013344)
(0.007007 0.000000 0.014372)
(0.008008 0.000000 0.015322)
(0.009009 0.000000 0.016210)
(0.010010 0.000000 0.017045)
(0.011011 0.000000 0.017835)
(0.012012 0.000000 0.018586)
(0.013013 0.000000 0.019302)
(0.014014 0.000000 0.019988)
(0.015015 0.000000 0.020646)
(0.016016 0.000000 0.021280)
(0.017017 0.000000 0.021891)
(0.018018 0.000000 0.022482)
(0.019019 0.000000 0.023054)
(0.020020 0.000000 0.023609)
(0.021021 0.000000 0.024147)
(0.022022 0.000000 0.024670)
(0.023023 0.000000 0.025179)
(0.024024 0.000000 0.025676)
(0.025025 0.000000 0.026159)
(0.026026 0.000000 0.026631)
(0.027027 0.000000 0.027092)
(0.028028 0.000000 0.027543)
(0.029029 0.000000 0.027983)
(0.030030 0.000000 0.028414)
(0.031031 0.000000 0.028836)
(0.032032 0.000000 0.029250)
(0.033033 0.000000 0.029656)
(0.034034 0.000000 0.030053)
(0.035035 0.000000 0.030443)
(0.036036 0.000000 0.030826)
(0.037037 0.000000 0.031202)
(0.038038 0.000000 0.031572)
(0.039039 0.000000 0.031935)
(0.040040 0.000000 0.032291)
(0.041041 0.000000 0.032642)
(0.042042 0.000000 0.032987)
(0.043043 0.000000 0.033327)
(0.044044 0.000000 0.033661)
(0.045045 0.000000 0.033990)
(0.046046 0.000000 0.034314)
(0.047047 0.000000 0.034633)
(0.048048 0.000000 0.034947)
(0.049049 0.000000 0.035257)
)
    polyLine 3 2 (
(0.000000 0.100000 0.000000)
(0.001001 0.100000 0.005560)
(0.002002 0.100000 0.007818)
(0.003003 0.100000 0.009533)
(0.004004 0.100000 0.010966)
(0.005005 0.100000 0.012219)
(0.006006 0.100000 0.013344)
(0.007007 0.100000 0.014372)
(0.008008 0.100000 0.015322)
(0.009009 0.100000 0.016210)
(0.010010 0.100000 0.017045)
(0.011011 0.100000 0.017835)
(0.012012 0.100000 0.018586)
(0.013013 0.100000 0.019302)
(0.014014 0.100000 0.019988)
(0.015015 0.100000 0.020646)
(0.016016 0.100000 0.021280)
(0.017017 0.100000 0.021891)
(0.018018 0.100000 0.022482)
(0.019019 0.100000 0.023054)
(0.020020 0.100000 0.023609)
(0.021021 0.100000 0.024147)
(0.022022 0.100000 0.024670)
(0.023023 0.100000 0.025179)
(0.024024 0.100000 0.025676)
(0.025025 0.100000 0.026159)
(0.026026 0.100000 0.026631)
(0.027027 0.100000 0.027092)
(0.028028 0.100000 0.027543)
(0.029029 0.100000 0.027983)
(0.030030 0.100000 0.028414)
(0.031031 0.100000 0.028836)
(0.032032 0.100000 0.029250)
(0.033033 0.100000 0.029656)
(0.034034 0.100000 0.030053)
(0.035035 0.100000 0.030443)
(0.036036 0.100000 0.030826)
(0.037037 0.100000 0.031202)
(0.038038 0.100000 0.031572)
(0.039039 0.100000 0.031935)
(0.040040 0.100000 0.032291)
(0.041041 0.100000 0.032642)
(0.042042 0.100000 0.032987)
(0.043043 0.100000 0.033327)
(0.044044 0.100000 0.033661)
(0.045045 0.100000 0.033990)
(0.046046 0.100000 0.034314)
(0.047047 0.100000 0.034633)
(0.048048 0.100000 0.034947)
(0.049049 0.100000 0.035257)
)
    polyLine 7 6 (
(-2.000000 0.100000 0.000000)
(-1.999794 0.100000 0.028681)
(-1.999177 0.100000 0.057356)
(-1.998149 0.100000 0.086019)
(-1.996710 0.100000 0.114664)
(-1.994861 0.100000 0.143286)
(-1.992601 0.100000 0.171878)
(-1.989931 0.100000 0.200435)
(-1.986852 0.100000 0.228951)
(-1.983365 0.100000 0.257420)
(-1.979469 0.100000 0.285836)
(-1.975167 0.100000 0.314193)
(-1.970458 0.100000 0.342485)
(-1.965344 0.100000 0.370707)
(-1.959826 0.100000 0.398853)
(-1.953904 0.100000 0.426916)
(-1.947581 0.100000 0.454892)
(-1.940858 0.100000 0.482774)
(-1.933735 0.100000 0.510557)
(-1.926215 0.100000 0.538236)
(-1.918298 0.100000 0.565803)
(-1.909987 0.100000 0.593254)
(-1.901283 0.100000 0.620583)
(-1.892188 0.100000 0.647784)
(-1.882704 0.100000 0.674852)
(-1.872833 0.100000 0.701782)
(-1.862576 0.100000 0.728567)
(-1.851937 0.100000 0.755202)
(-1.840917 0.100000 0.781682)
(-1.829518 0.100000 0.808001)
(-1.817742 0.100000 0.834154)
(-1.805593 0.100000 0.860135)
(-1.793073 0.100000 0.885939)
(-1.780184 0.100000 0.911562)
(-1.766929 0.100000 0.936997)
(-1.753310 0.100000 0.962239)
(-1.739331 0.100000 0.987283)
(-1.724994 0.100000 1.012124)
(-1.710303 0.100000 1.036757)
(-1.695259 0.100000 1.061177)
(-1.679867 0.100000 1.085378)
(-1.664130 0.100000 1.109357)
(-1.648050 0.100000 1.133107)
(-1.631631 0.100000 1.156624)
(-1.614877 0.100000 1.179904)
(-1.597791 0.100000 1.202940)
(-1.580376 0.100000 1.225729)
(-1.562636 0.100000 1.248267)
(-1.544574 0.100000 1.270547)
(-1.526195 0.100000 1.292566)
(-1.507503 0.100000 1.314320)
(-1.488500 0.100000 1.335803)
(-1.469191 0.100000 1.357011)
(-1.449580 0.100000 1.377940)
(-1.429670 0.100000 1.398586)
(-1.409467 0.100000 1.418944)
(-1.388974 0.100000 1.439011)
(-1.368195 0.100000 1.458781)
(-1.347135 0.100000 1.478252)
(-1.325798 0.100000 1.497418)
(-1.304188 0.100000 1.516276)
(-1.282310 0.100000 1.534823)
(-1.260168 0.100000 1.553054)
(-1.237767 0.100000 1.570966)
(-1.215111 0.100000 1.588554)
(-1.192206 0.100000 1.605816)
(-1.169055 0.100000 1.622748)
(-1.145664 0.100000 1.639346)
(-1.122037 0.100000 1.655606)
(-1.098180 0.100000 1.671526)
(-1.074097 0.100000 1.687103)
(-1.049793 0.100000 1.702332)
(-1.025272 0.100000 1.717212)
(-1.000542 0.100000 1.731738)
(-0.975605 0.100000 1.745908)
(-0.950468 0.100000 1.759719)
(-0.925135 0.100000 1.773168)
(-0.899612 0.100000 1.786253)
(-0.873904 0.100000 1.798970)
(-0.848016 0.100000 1.811317)
(-0.821954 0.100000 1.823292)
(-0.795722 0.100000 1.834891)
(-0.769327 0.100000 1.846114)
(-0.742774 0.100000 1.856956)
(-0.716068 0.100000 1.867417)
(-0.689215 0.100000 1.877494)
(-0.662220 0.100000 1.887184)
(-0.635089 0.100000 1.896487)
(-0.607828 0.100000 1.905399)
(-0.580441 0.100000 1.913920)
(-0.552935 0.100000 1.922047)
(-0.525315 0.100000 1.929778)
(-0.497587 0.100000 1.937113)
(-0.469757 0.100000 1.944049)
(-0.441831 0.100000 1.950586)
(-0.413813 0.100000 1.956721)
(-0.385710 0.100000 1.962454)
(-0.357528 0.100000 1.967784)
(-0.329273 0.100000 1.972709)
(-0.300949 0.100000 1.977228)
)
    polyLine 4 5 (
(-2.000000 0.000000 0.000000)
(-1.999794 0.000000 0.028681)
(-1.999177 0.000000 0.057356)
(-1.998149 0.000000 0.086019)
(-1.996710 0.000000 0.114664)
(-1.994861 0.000000 0.143286)
(-1.992601 0.000000 0.171878)
(-1.989931 0.000000 0.200435)
(-1.986852 0.000000 0.228951)
(-1.983365 0.000000 0.257420)
(-1.979469 0.000000 0.285836)
(-1.975167 0.000000 0.314193)
(-1.970458 0.000000 0.342485)
(-1.965344 0.000000 0.370707)
(-1.959826 0.000000 0.398853)
(-1.953904 0.000000 0.426916)
(-1.947581 0.000000 0.454892)
(-1.940858 0.000000 0.482774)
(-1.933735 0.000000 0.510557)
(-1.926215 0.000000 0.538236)
(-1.918298 0.000000 0.565803)
(-1.909987 0.000000 0.593254)
(-1.901283 0.000000 0.620583)
(-1.892188 0.000000 0.647784)
(-1.882704 0.000000 0.674852)
(-1.872833 0.000000 0.701782)
(-1.862576 0.000000 0.728567)
(-1.851937 0.000000 0.755202)
(-1.840917 0.000000 0.781682)
(-1.829518 0.000000 0.808001)
(-1.817742 0.000000 0.834154)
(-1.805593 0.000000 0.860135)
(-1.793073 0.000000 0.885939)
(-1.780184 0.000000 0.911562)
(-1.766929 0.000000 0.936997)
(-1.753310 0.000000 0.962239)
(-1.739331 0.000000 0.987283)
(-1.724994 0.000000 1.012124)
(-1.710303 0.000000 1.036757)
(-1.695259 0.000000 1.061177)
(-1.679867 0.000000 1.085378)
(-1.664130 0.000000 1.109357)
(-1.648050 0.000000 1.133107)
(-1.631631 0.000000 1.156624)
(-1.614877 0.000000 1.179904)
(-1.597791 0.000000 1.202940)
(-1.580376 0.000000 1.225729)
(-1.562636 0.000000 1.248267)
(-1.544574 0.000000 1.270547)
(-1.526195 0.000000 1.292566)
(-1.507503 0.000000 1.314320)
(-1.488500 0.000000 1.335803)
(-1.469191 0.000000 1.357011)
(-1.449580 0.000000 1.377940)
(-1.429670 0.000000 1.398586)
(-1.409467 0.000000 1.418944)
(-1.388974 0.000000 1.439011)
(-1.368195 0.000000 1.458781)
(-1.347135 0.000000 1.478252)
(-1.325798 0.000000 1.497418)
(-1.304188 0.000000 1.516276)
(-1.282310 0.000000 1.534823)
(-1.260168 0.000000 1.553054)
(-1.237767 0.000000 1.570966)
(-1.215111 0.000000 1.588554)
(-1.192206 0.000000 1.605816)
(-1.169055 0.000000 1.622748)
(-1.145664 0.000000 1.639346)
(-1.122037 0.000000 1.655606)
(-1.098180 0.000000 1.671526)
(-1.074097 0.000000 1.687103)
(-1.049793 0.000000 1.702332)
(-1.025272 0.000000 1.717212)
(-1.000542 0.000000 1.731738)
(-0.975605 0.000000 1.745908)
(-0.950468 0.000000 1.759719)
(-0.925135 0.000000 1.773168)
(-0.899612 0.000000 1.786253)
(-0.873904 0.000000 1.798970)
(-0.848016 0.000000 1.811317)
(-0.821954 0.000000 1.823292)
(-0.795722 0.000000 1.834891)
(-0.769327 0.000000 1.846114)
(-0.742774 0.000000 1.856956)
(-0.716068 0.000000 1.867417)
(-0.689215 0.000000 1.877494)
(-0.662220 0.000000 1.887184)
(-0.635089 0.000000 1.896487)
(-0.607828 0.000000 1.905399)
(-0.580441 0.000000 1.913920)
(-0.552935 0.000000 1.922047)
(-0.525315 0.000000 1.929778)
(-0.497587 0.000000 1.937113)
(-0.469757 0.000000 1.944049)
(-0.441831 0.000000 1.950586)
(-0.413813 0.000000 1.956721)
(-0.385710 0.000000 1.962454)
(-0.357528 0.000000 1.967784)
(-0.329273 0.000000 1.972709)
(-0.300949 0.000000 1.977228)
)
    polyLine 1 8 (
(0.050050 0.000000 0.035562)
(0.051051 0.000000 0.035863)
(0.052052 0.000000 0.036159)
(0.053053 0.000000 0.036452)
(0.054054 0.000000 0.036740)
(0.055055 0.000000 0.037025)
(0.056056 0.000000 0.037305)
(0.057057 0.000000 0.037582)
(0.058058 0.000000 0.037856)
(0.059059 0.000000 0.038125)
(0.060060 0.000000 0.038392)
(0.061061 0.000000 0.038655)
(0.062062 0.000000 0.038914)
(0.063063 0.000000 0.039170)
(0.064064 0.000000 0.039424)
(0.065065 0.000000 0.039674)
(0.066066 0.000000 0.039921)
(0.067067 0.000000 0.040165)
(0.068068 0.000000 0.040406)
(0.069069 0.000000 0.040644)
(0.070070 0.000000 0.040879)
(0.071071 0.000000 0.041112)
(0.072072 0.000000 0.041342)
(0.073073 0.000000 0.041569)
(0.074074 0.000000 0.041794)
(0.075075 0.000000 0.042016)
(0.076076 0.000000 0.042235)
(0.077077 0.000000 0.042452)
(0.078078 0.000000 0.042667)
(0.079079 0.000000 0.042879)
(0.080080 0.000000 0.043089)
(0.081081 0.000000 0.043297)
(0.082082 0.000000 0.043502)
(0.083083 0.000000 0.043705)
(0.084084 0.000000 0.043906)
(0.085085 0.000000 0.044104)
(0.086086 0.000000 0.044301)
(0.087087 0.000000 0.044495)
(0.088088 0.000000 0.044688)
(0.089089 0.000000 0.044878)
(0.090090 0.000000 0.045066)
(0.091091 0.000000 0.045253)
(0.092092 0.000000 0.045437)
(0.093093 0.000000 0.045620)
(0.094094 0.000000 0.045800)
(0.095095 0.000000 0.045979)
(0.096096 0.000000 0.046155)
(0.097097 0.000000 0.046330)
(0.098098 0.000000 0.046504)
(0.099099 0.000000 0.046675)
(0.100100 0.000000 0.046845)
(0.101101 0.000000 0.047012)
(0.102102 0.000000 0.047179)
(0.103103 0.000000 0.047343)
(0.104104 0.000000 0.047506)
(0.105105 0.000000 0.047667)
(0.106106 0.000000 0.047827)
(0.107107 0.000000 0.047984)
(0.108108 0.000000 0.048141)
(0.109109 0.000000 0.048295)
(0.110110 0.000000 0.048449)
(0.111111 0.000000 0.048600)
(0.112112 0.000000 0.048750)
(0.113113 0.000000 0.048899)
(0.114114 0.000000 0.049046)
(0.115115 0.000000 0.049192)
(0.116116 0.000000 0.049336)
(0.117117 0.000000 0.049479)
(0.118118 0.000000 0.049620)
(0.119119 0.000000 0.049760)
(0.120120 0.000000 0.049898)
(0.121121 0.000000 0.050035)
(0.122122 0.000000 0.050171)
(0.123123 0.000000 0.050306)
(0.124124 0.000000 0.050439)
(0.125125 0.000000 0.050570)
(0.126126 0.000000 0.050701)
(0.127127 0.000000 0.050830)
(0.128128 0.000000 0.050958)
(0.129129 0.000000 0.051084)
(0.130130 0.000000 0.051210)
(0.131131 0.000000 0.051334)
(0.132132 0.000000 0.051456)
(0.133133 0.000000 0.051578)
(0.134134 0.000000 0.051698)
(0.135135 0.000000 0.051818)
(0.136136 0.000000 0.051935)
(0.137137 0.000000 0.052052)
(0.138138 0.000000 0.052168)
(0.139139 0.000000 0.052282)
(0.140140 0.000000 0.052396)
(0.141141 0.000000 0.052508)
(0.142142 0.000000 0.052619)
(0.143143 0.000000 0.052729)
(0.144144 0.000000 0.052837)
(0.145145 0.000000 0.052945)
(0.146146 0.000000 0.053051)
(0.147147 0.000000 0.053157)
(0.148148 0.000000 0.053261)
(0.149149 0.000000 0.053365)
(0.150150 0.000000 0.053467)
(0.151151 0.000000 0.053568)
(0.152152 0.000000 0.053668)
(0.153153 0.000000 0.053767)
(0.154154 0.000000 0.053865)
(0.155155 0.000000 0.053963)
(0.156156 0.000000 0.054059)
(0.157157 0.000000 0.054154)
(0.158158 0.000000 0.054248)
(0.159159 0.000000 0.054341)
(0.160160 0.000000 0.054433)
(0.161161 0.000000 0.054524)
(0.162162 0.000000 0.054614)
(0.163163 0.000000 0.054703)
(0.164164 0.000000 0.054792)
(0.165165 0.000000 0.054879)
(0.166166 0.000000 0.054965)
(0.167167 0.000000 0.055051)
(0.168168 0.000000 0.055135)
(0.169169 0.000000 0.055219)
(0.170170 0.000000 0.055301)
(0.171171 0.000000 0.055383)
(0.172172 0.000000 0.055464)
(0.173173 0.000000 0.055544)
(0.174174 0.000000 0.055623)
(0.175175 0.000000 0.055701)
(0.176176 0.000000 0.055779)
(0.177177 0.000000 0.055855)
(0.178178 0.000000 0.055931)
(0.179179 0.000000 0.056006)
(0.180180 0.000000 0.056079)
(0.181181 0.000000 0.056152)
(0.182182 0.000000 0.056225)
(0.183183 0.000000 0.056296)
(0.184184 0.000000 0.056367)
(0.185185 0.000000 0.056436)
(0.186186 0.000000 0.056505)
(0.187187 0.000000 0.056573)
(0.188188 0.000000 0.056641)
(0.189189 0.000000 0.056707)
(0.190190 0.000000 0.056773)
(0.191191 0.000000 0.056838)
(0.192192 0.000000 0.056902)
(0.193193 0.000000 0.056965)
(0.194194 0.000000 0.057028)
(0.195195 0.000000 0.057090)
(0.196196 0.000000 0.057151)
(0.197197 0.000000 0.057211)
(0.198198 0.000000 0.057270)
(0.199199 0.000000 0.057329)
(0.200200 0.000000 0.057387)
(0.201201 0.000000 0.057444)
(0.202202 0.000000 0.057501)
(0.203203 0.000000 0.057556)
(0.204204 0.000000 0.057612)
(0.205205 0.000000 0.057666)
(0.206206 0.000000 0.057719)
(0.207207 0.000000 0.057772)
(0.208208 0.000000 0.057824)
(0.209209 0.000000 0.057876)
(0.210210 0.000000 0.057927)
(0.211211 0.000000 0.057977)
(0.212212 0.000000 0.058026)
(0.213213 0.000000 0.058075)
(0.214214 0.000000 0.058122)
(0.215215 0.000000 0.058170)
(0.216216 0.000000 0.058216)
(0.217217 0.000000 0.058262)
(0.218218 0.000000 0.058307)
(0.219219 0.000000 0.058352)
(0.220220 0.000000 0.058396)
(0.221221 0.000000 0.058439)
(0.222222 0.000000 0.058482)
(0.223223 0.000000 0.058524)
(0.224224 0.000000 0.058565)
(0.225225 0.000000 0.058605)
(0.226226 0.000000 0.058645)
(0.227227 0.000000 0.058685)
(0.228228 0.000000 0.058723)
(0.229229 0.000000 0.058761)
(0.230230 0.000000 0.058799)
(0.231231 0.000000 0.058835)
(0.232232 0.000000 0.058872)
(0.233233 0.000000 0.058907)
(0.234234 0.000000 0.058942)
(0.235235 0.000000 0.058976)
(0.236236 0.000000 0.059010)
(0.237237 0.000000 0.059043)
(0.238238 0.000000 0.059076)
(0.239239 0.000000 0.059107)
(0.240240 0.000000 0.059139)
(0.241241 0.000000 0.059169)
(0.242242 0.000000 0.059199)
(0.243243 0.000000 0.059229)
(0.244244 0.000000 0.059258)
(0.245245 0.000000 0.059286)
(0.246246 0.000000 0.059314)
(0.247247 0.000000 0.059341)
(0.248248 0.000000 0.059367)
(0.249249 0.000000 0.059393)
(0.250250 0.000000 0.059419)
(0.251251 0.000000 0.059444)
(0.252252 0.000000 0.059468)
(0.253253 0.000000 0.059492)
(0.254254 0.000000 0.059515)
(0.255255 0.000000 0.059537)
(0.256256 0.000000 0.059559)
(0.257257 0.000000 0.059581)
(0.258258 0.000000 0.059602)
(0.259259 0.000000 0.059622)
(0.260260 0.000000 0.059642)
(0.261261 0.000000 0.059661)
(0.262262 0.000000 0.059680)
(0.263263 0.000000 0.059698)
(0.264264 0.000000 0.059716)
(0.265265 0.000000 0.059733)
(0.266266 0.000000 0.059750)
(0.267267 0.000000 0.059766)
(0.268268 0.000000 0.059781)
(0.269269 0.000000 0.059796)
(0.270270 0.000000 0.059811)
(0.271271 0.000000 0.059825)
(0.272272 0.000000 0.059839)
(0.273273 0.000000 0.059852)
(0.274274 0.000000 0.059864)
(0.275275 0.000000 0.059876)
(0.276276 0.000000 0.059888)
(0.277277 0.000000 0.059898)
(0.278278 0.000000 0.059909)
(0.279279 0.000000 0.059919)
(0.280280 0.000000 0.059928)
(0.281281 0.000000 0.059937)
(0.282282 0.000000 0.059946)
(0.283283 0.000000 0.059954)
(0.284284 0.000000 0.059961)
(0.285285 0.000000 0.059968)
(0.286286 0.000000 0.059975)
(0.287287 0.000000 0.059981)
(0.288288 0.000000 0.059987)
(0.289289 0.000000 0.059992)
(0.290290 0.000000 0.059996)
(0.291291 0.000000 0.060001)
(0.292292 0.000000 0.060004)
(0.293293 0.000000 0.060008)
(0.294294 0.000000 0.060010)
(0.295295 0.000000 0.060013)
(0.296296 0.000000 0.060014)
(0.297297 0.000000 0.060016)
(0.298298 0.000000 0.060017)
(0.299299 0.000000 0.060017)
(0.300300 0.000000 0.060017)
(0.301301 0.000000 0.060017)
(0.302302 0.000000 0.060016)
(0.303303 0.000000 0.060015)
(0.304304 0.000000 0.060013)
(0.305305 0.000000 0.060011)
(0.306306 0.000000 0.060008)
(0.307307 0.000000 0.060005)
(0.308308 0.000000 0.060001)
(0.309309 0.000000 0.059997)
(0.310310 0.000000 0.059993)
(0.311311 0.000000 0.059988)
(0.312312 0.000000 0.059983)
(0.313313 0.000000 0.059977)
(0.314314 0.000000 0.059971)
(0.315315 0.000000 0.059964)
(0.316316 0.000000 0.059957)
(0.317317 0.000000 0.059950)
(0.318318 0.000000 0.059942)
(0.319319 0.000000 0.059934)
(0.320320 0.000000 0.059925)
(0.321321 0.000000 0.059916)
(0.322322 0.000000 0.059906)
(0.323323 0.000000 0.059897)
(0.324324 0.000000 0.059886)
(0.325325 0.000000 0.059875)
(0.326326 0.000000 0.059864)
(0.327327 0.000000 0.059853)
(0.328328 0.000000 0.059841)
(0.329329 0.000000 0.059829)
(0.330330 0.000000 0.059816)
(0.331331 0.000000 0.059803)
(0.332332 0.000000 0.059789)
(0.333333 0.000000 0.059775)
(0.334334 0.000000 0.059761)
(0.335335 0.000000 0.059746)
(0.336336 0.000000 0.059731)
(0.337337 0.000000 0.059715)
(0.338338 0.000000 0.059699)
(0.339339 0.000000 0.059683)
(0.340340 0.000000 0.059667)
(0.341341 0.000000 0.059649)
(0.342342 0.000000 0.059632)
(0.343343 0.000000 0.059614)
(0.344344 0.000000 0.059596)
(0.345345 0.000000 0.059577)
(0.346346 0.000000 0.059559)
(0.347347 0.000000 0.059539)
(0.348348 0.000000 0.059519)
(0.349349 0.000000 0.059499)
(0.350350 0.000000 0.059479)
(0.351351 0.000000 0.059458)
(0.352352 0.000000 0.059437)
(0.353353 0.000000 0.059415)
(0.354354 0.000000 0.059394)
(0.355355 0.000000 0.059371)
(0.356356 0.000000 0.059349)
(0.357357 0.000000 0.059326)
(0.358358 0.000000 0.059302)
(0.359359 0.000000 0.059279)
(0.360360 0.000000 0.059255)
(0.361361 0.000000 0.059230)
(0.362362 0.000000 0.059205)
(0.363363 0.000000 0.059180)
(0.364364 0.000000 0.059155)
(0.365365 0.000000 0.059129)
(0.366366 0.000000 0.059103)
(0.367367 0.000000 0.059076)
(0.368368 0.000000 0.059049)
(0.369369 0.000000 0.059022)
(0.370370 0.000000 0.058995)
(0.371371 0.000000 0.058967)
(0.372372 0.000000 0.058939)
(0.373373 0.000000 0.058910)
(0.374374 0.000000 0.058881)
(0.375375 0.000000 0.058852)
(0.376376 0.000000 0.058822)
(0.377377 0.000000 0.058792)
(0.378378 0.000000 0.058762)
(0.379379 0.000000 0.058732)
(0.380380 0.000000 0.058701)
(0.381381 0.000000 0.058669)
(0.382382 0.000000 0.058638)
(0.383383 0.000000 0.058606)
(0.384384 0.000000 0.058574)
(0.385385 0.000000 0.058541)
(0.386386 0.000000 0.058508)
(0.387387 0.000000 0.058475)
(0.388388 0.000000 0.058442)
(0.389389 0.000000 0.058408)
(0.390390 0.000000 0.058374)
(0.391391 0.000000 0.058339)
(0.392392 0.000000 0.058305)
(0.393393 0.000000 0.058269)
(0.394394 0.000000 0.058234)
(0.395395 0.000000 0.058198)
(0.396396 0.000000 0.058162)
(0.397397 0.000000 0.058126)
(0.398398 0.000000 0.058089)
(0.399399 0.000000 0.058052)
(0.400400 0.000000 0.058015)
(0.401401 0.000000 0.057978)
(0.402402 0.000000 0.057940)
(0.403403 0.000000 0.057902)
(0.404404 0.000000 0.057863)
(0.405405 0.000000 0.057824)
(0.406406 0.000000 0.057785)
(0.407407 0.000000 0.057746)
(0.408408 0.000000 0.057706)
(0.409409 0.000000 0.057666)
(0.410410 0.000000 0.057626)
(0.411411 0.000000 0.057585)
(0.412412 0.000000 0.057545)
(0.413413 0.000000 0.057503)
(0.414414 0.000000 0.057462)
(0.415415 0.000000 0.057420)
(0.416416 0.000000 0.057378)
(0.417417 0.000000 0.057336)
(0.418418 0.000000 0.057293)
(0.419419 0.000000 0.057250)
(0.420420 0.000000 0.057207)
(0.421421 0.000000 0.057164)
(0.422422 0.000000 0.057120)
(0.423423 0.000000 0.057076)
(0.424424 0.000000 0.057032)
(0.425425 0.000000 0.056987)
(0.426426 0.000000 0.056942)
(0.427427 0.000000 0.056897)
(0.428428 0.000000 0.056852)
(0.429429 0.000000 0.056806)
(0.430430 0.000000 0.056760)
(0.431431 0.000000 0.056714)
(0.432432 0.000000 0.056667)
(0.433433 0.000000 0.056621)
(0.434434 0.000000 0.056574)
(0.435435 0.000000 0.056526)
(0.436436 0.000000 0.056479)
(0.437437 0.000000 0.056431)
(0.438438 0.000000 0.056383)
(0.439439 0.000000 0.056334)
(0.440440 0.000000 0.056285)
(0.441441 0.000000 0.056237)
(0.442442 0.000000 0.056187)
(0.443443 0.000000 0.056138)
(0.444444 0.000000 0.056088)
(0.445445 0.000000 0.056038)
(0.446446 0.000000 0.055988)
(0.447447 0.000000 0.055937)
(0.448448 0.000000 0.055887)
(0.449449 0.000000 0.055836)
(0.450450 0.000000 0.055784)
(0.451451 0.000000 0.055733)
(0.452452 0.000000 0.055681)
(0.453453 0.000000 0.055629)
(0.454454 0.000000 0.055577)
(0.455455 0.000000 0.055524)
(0.456456 0.000000 0.055471)
(0.457457 0.000000 0.055418)
(0.458458 0.000000 0.055365)
(0.459459 0.000000 0.055311)
(0.460460 0.000000 0.055257)
(0.461461 0.000000 0.055203)
(0.462462 0.000000 0.055149)
(0.463463 0.000000 0.055094)
(0.464464 0.000000 0.055040)
(0.465465 0.000000 0.054984)
(0.466466 0.000000 0.054929)
(0.467467 0.000000 0.054874)
(0.468468 0.000000 0.054818)
(0.469469 0.000000 0.054762)
(0.470470 0.000000 0.054705)
(0.471471 0.000000 0.054649)
(0.472472 0.000000 0.054592)
(0.473473 0.000000 0.054535)
(0.474474 0.000000 0.054478)
(0.475475 0.000000 0.054421)
(0.476476 0.000000 0.054363)
(0.477477 0.000000 0.054305)
(0.478478 0.000000 0.054247)
(0.479479 0.000000 0.054188)
(0.480480 0.000000 0.054130)
(0.481481 0.000000 0.054071)
(0.482482 0.000000 0.054012)
(0.483483 0.000000 0.053952)
(0.484484 0.000000 0.053893)
(0.485485 0.000000 0.053833)
(0.486486 0.000000 0.053773)
(0.487487 0.000000 0.053713)
(0.488488 0.000000 0.053652)
(0.489489 0.000000 0.053591)
(0.490490 0.000000 0.053530)
(0.491491 0.000000 0.053469)
(0.492492 0.000000 0.053408)
(0.493493 0.000000 0.053346)
(0.494494 0.000000 0.053284)
(0.495495 0.000000 0.053222)
(0.496496 0.000000 0.053160)
(0.497497 0.000000 0.053098)
(0.498498 0.000000 0.053035)
(0.499499 0.000000 0.052972)
(0.500501 0.000000 0.052909)
(0.501502 0.000000 0.052845)
(0.502503 0.000000 0.052782)
(0.503504 0.000000 0.052718)
(0.504505 0.000000 0.052654)
(0.505506 0.000000 0.052589)
(0.506507 0.000000 0.052525)
(0.507508 0.000000 0.052460)
(0.508509 0.000000 0.052395)
(0.509510 0.000000 0.052330)
(0.510511 0.000000 0.052265)
(0.511512 0.000000 0.052199)
(0.512513 0.000000 0.052134)
(0.513514 0.000000 0.052068)
(0.514515 0.000000 0.052002)
(0.515516 0.000000 0.051935)
(0.516517 0.000000 0.051869)
(0.517518 0.000000 0.051802)
(0.518519 0.000000 0.051735)
(0.519520 0.000000 0.051667)
(0.520521 0.000000 0.051600)
(0.521522 0.000000 0.051532)
(0.522523 0.000000 0.051465)
(0.523524 0.000000 0.051397)
(0.524525 0.000000 0.051328)
(0.525526 0.000000 0.051260)
(0.526527 0.000000 0.051191)
(0.527528 0.000000 0.051122)
(0.528529 0.000000 0.051053)
(0.529530 0.000000 0.050984)
(0.530531 0.000000 0.050915)
(0.531532 0.000000 0.050845)
(0.532533 0.000000 0.050775)
(0.533534 0.000000 0.050705)
(0.534535 0.000000 0.050635)
(0.535536 0.000000 0.050564)
(0.536537 0.000000 0.050494)
(0.537538 0.000000 0.050423)
(0.538539 0.000000 0.050352)
(0.539540 0.000000 0.050280)
(0.540541 0.000000 0.050209)
(0.541542 0.000000 0.050137)
(0.542543 0.000000 0.050065)
(0.543544 0.000000 0.049993)
(0.544545 0.000000 0.049921)
(0.545546 0.000000 0.049849)
(0.546547 0.000000 0.049776)
(0.547548 0.000000 0.049703)
(0.548549 0.000000 0.049630)
(0.549550 0.000000 0.049557)
(0.550551 0.000000 0.049484)
(0.551552 0.000000 0.049410)
(0.552553 0.000000 0.049337)
(0.553554 0.000000 0.049263)
(0.554555 0.000000 0.049189)
(0.555556 0.000000 0.049114)
(0.556557 0.000000 0.049040)
(0.557558 0.000000 0.048965)
(0.558559 0.000000 0.048890)
(0.559560 0.000000 0.048815)
(0.560561 0.000000 0.048740)
(0.561562 0.000000 0.048665)
(0.562563 0.000000 0.048589)
(0.563564 0.000000 0.048513)
(0.564565 0.000000 0.048437)
(0.565566 0.000000 0.048361)
(0.566567 0.000000 0.048285)
(0.567568 0.000000 0.048208)
(0.568569 0.000000 0.048131)
(0.569570 0.000000 0.048055)
(0.570571 0.000000 0.047978)
(0.571572 0.000000 0.047900)
(0.572573 0.000000 0.047823)
(0.573574 0.000000 0.047745)
(0.574575 0.000000 0.047668)
(0.575576 0.000000 0.047590)
(0.576577 0.000000 0.047511)
(0.577578 0.000000 0.047433)
(0.578579 0.000000 0.047355)
(0.579580 0.000000 0.047276)
(0.580581 0.000000 0.047197)
(0.581582 0.000000 0.047118)
(0.582583 0.000000 0.047039)
(0.583584 0.000000 0.046960)
(0.584585 0.000000 0.046880)
(0.585586 0.000000 0.046800)
(0.586587 0.000000 0.046721)
(0.587588 0.000000 0.046640)
(0.588589 0.000000 0.046560)
(0.589590 0.000000 0.046480)
(0.590591 0.000000 0.046399)
(0.591592 0.000000 0.046319)
(0.592593 0.000000 0.046238)
(0.593594 0.000000 0.046157)
(0.594595 0.000000 0.046075)
(0.595596 0.000000 0.045994)
(0.596597 0.000000 0.045912)
(0.597598 0.000000 0.045831)
(0.598599 0.000000 0.045749)
(0.599600 0.000000 0.045667)
(0.600601 0.000000 0.045584)
(0.601602 0.000000 0.045502)
(0.602603 0.000000 0.045419)
(0.603604 0.000000 0.045337)
(0.604605 0.000000 0.045254)
(0.605606 0.000000 0.045171)
(0.606607 0.000000 0.045087)
(0.607608 0.000000 0.045004)
(0.608609 0.000000 0.044920)
(0.609610 0.000000 0.044837)
(0.610611 0.000000 0.044753)
(0.611612 0.000000 0.044669)
(0.612613 0.000000 0.044584)
(0.613614 0.000000 0.044500)
(0.614615 0.000000 0.044415)
(0.615616 0.000000 0.044331)
(0.616617 0.000000 0.044246)
(0.617618 0.000000 0.044161)
(0.618619 0.000000 0.044076)
(0.619620 0.000000 0.043990)
(0.620621 0.000000 0.043905)
(0.621622 0.000000 0.043819)
(0.622623 0.000000 0.043733)
(0.623624 0.000000 0.043647)
(0.624625 0.000000 0.043561)
(0.625626 0.000000 0.043475)
(0.626627 0.000000 0.043388)
(0.627628 0.000000 0.043302)
(0.628629 0.000000 0.043215)
(0.629630 0.000000 0.043128)
(0.630631 0.000000 0.043041)
(0.631632 0.000000 0.042954)
(0.632633 0.000000 0.042866)
(0.633634 0.000000 0.042779)
(0.634635 0.000000 0.042691)
(0.635636 0.000000 0.042603)
(0.636637 0.000000 0.042515)
(0.637638 0.000000 0.042427)
(0.638639 0.000000 0.042338)
(0.639640 0.000000 0.042250)
(0.640641 0.000000 0.042161)
(0.641642 0.000000 0.042072)
(0.642643 0.000000 0.041983)
(0.643644 0.000000 0.041894)
(0.644645 0.000000 0.041805)
(0.645646 0.000000 0.041716)
(0.646647 0.000000 0.041626)
(0.647648 0.000000 0.041536)
(0.648649 0.000000 0.041447)
(0.649650 0.000000 0.041357)
(0.650651 0.000000 0.041266)
(0.651652 0.000000 0.041176)
(0.652653 0.000000 0.041086)
(0.653654 0.000000 0.040995)
(0.654655 0.000000 0.040904)
(0.655656 0.000000 0.040813)
(0.656657 0.000000 0.040722)
(0.657658 0.000000 0.040631)
(0.658659 0.000000 0.040540)
(0.659660 0.000000 0.040448)
(0.660661 0.000000 0.040356)
(0.661662 0.000000 0.040265)
(0.662663 0.000000 0.040173)
(0.663664 0.000000 0.040081)
(0.664665 0.000000 0.039988)
(0.665666 0.000000 0.039896)
(0.666667 0.000000 0.039803)
(0.667668 0.000000 0.039711)
(0.668669 0.000000 0.039618)
(0.669670 0.000000 0.039525)
(0.670671 0.000000 0.039432)
(0.671672 0.000000 0.039338)
(0.672673 0.000000 0.039245)
(0.673674 0.000000 0.039151)
(0.674675 0.000000 0.039058)
(0.675676 0.000000 0.038964)
(0.676677 0.000000 0.038870)
(0.677678 0.000000 0.038776)
(0.678679 0.000000 0.038681)
(0.679680 0.000000 0.038587)
(0.680681 0.000000 0.038492)
(0.681682 0.000000 0.038398)
(0.682683 0.000000 0.038303)
(0.683684 0.000000 0.038208)
(0.684685 0.000000 0.038113)
(0.685686 0.000000 0.038017)
(0.686687 0.000000 0.037922)
(0.687688 0.000000 0.037826)
(0.688689 0.000000 0.037731)
(0.689690 0.000000 0.037635)
(0.690691 0.000000 0.037539)
(0.691692 0.000000 0.037443)
(0.692693 0.000000 0.037346)
(0.693694 0.000000 0.037250)
(0.694695 0.000000 0.037153)
(0.695696 0.000000 0.037057)
(0.696697 0.000000 0.036960)
(0.697698 0.000000 0.036863)
(0.698699 0.000000 0.036766)
(0.699700 0.000000 0.036668)
(0.700701 0.000000 0.036571)
(0.701702 0.000000 0.036473)
(0.702703 0.000000 0.036376)
(0.703704 0.000000 0.036278)
(0.704705 0.000000 0.036180)
(0.705706 0.000000 0.036082)
(0.706707 0.000000 0.035983)
(0.707708 0.000000 0.035885)
(0.708709 0.000000 0.035787)
(0.709710 0.000000 0.035688)
(0.710711 0.000000 0.035589)
(0.711712 0.000000 0.035490)
(0.712713 0.000000 0.035391)
(0.713714 0.000000 0.035292)
(0.714715 0.000000 0.035192)
(0.715716 0.000000 0.035093)
(0.716717 0.000000 0.034993)
(0.717718 0.000000 0.034894)
(0.718719 0.000000 0.034794)
(0.719720 0.000000 0.034694)
(0.720721 0.000000 0.034593)
(0.721722 0.000000 0.034493)
(0.722723 0.000000 0.034393)
(0.723724 0.000000 0.034292)
(0.724725 0.000000 0.034191)
(0.725726 0.000000 0.034091)
(0.726727 0.000000 0.033990)
(0.727728 0.000000 0.033888)
(0.728729 0.000000 0.033787)
(0.729730 0.000000 0.033686)
(0.730731 0.000000 0.033584)
(0.731732 0.000000 0.033482)
(0.732733 0.000000 0.033381)
(0.733734 0.000000 0.033279)
(0.734735 0.000000 0.033177)
(0.735736 0.000000 0.033074)
(0.736737 0.000000 0.032972)
(0.737738 0.000000 0.032870)
(0.738739 0.000000 0.032767)
(0.739740 0.000000 0.032664)
(0.740741 0.000000 0.032561)
(0.741742 0.000000 0.032458)
(0.742743 0.000000 0.032355)
(0.743744 0.000000 0.032252)
(0.744745 0.000000 0.032148)
(0.745746 0.000000 0.032045)
(0.746747 0.000000 0.031941)
(0.747748 0.000000 0.031837)
(0.748749 0.000000 0.031733)
(0.749750 0.000000 0.031629)
(0.750751 0.000000 0.031525)
(0.751752 0.000000 0.031420)
(0.752753 0.000000 0.031316)
(0.753754 0.000000 0.031211)
(0.754755 0.000000 0.031107)
(0.755756 0.000000 0.031002)
(0.756757 0.000000 0.030897)
(0.757758 0.000000 0.030791)
(0.758759 0.000000 0.030686)
(0.759760 0.000000 0.030581)
(0.760761 0.000000 0.030475)
(0.761762 0.000000 0.030369)
(0.762763 0.000000 0.030263)
(0.763764 0.000000 0.030158)
(0.764765 0.000000 0.030051)
(0.765766 0.000000 0.029945)
(0.766767 0.000000 0.029839)
(0.767768 0.000000 0.029732)
(0.768769 0.000000 0.029626)
(0.769770 0.000000 0.029519)
(0.770771 0.000000 0.029412)
(0.771772 0.000000 0.029305)
(0.772773 0.000000 0.029198)
(0.773774 0.000000 0.029090)
(0.774775 0.000000 0.028983)
(0.775776 0.000000 0.028875)
(0.776777 0.000000 0.028768)
(0.777778 0.000000 0.028660)
(0.778779 0.000000 0.028552)
(0.779780 0.000000 0.028444)
(0.780781 0.000000 0.028335)
(0.781782 0.000000 0.028227)
(0.782783 0.000000 0.028118)
(0.783784 0.000000 0.028010)
(0.784785 0.000000 0.027901)
(0.785786 0.000000 0.027792)
(0.786787 0.000000 0.027683)
(0.787788 0.000000 0.027574)
(0.788789 0.000000 0.027465)
(0.789790 0.000000 0.027355)
(0.790791 0.000000 0.027246)
(0.791792 0.000000 0.027136)
(0.792793 0.000000 0.027026)
(0.793794 0.000000 0.026916)
(0.794795 0.000000 0.026806)
(0.795796 0.000000 0.026696)
(0.796797 0.000000 0.026585)
(0.797798 0.000000 0.026475)
(0.798799 0.000000 0.026364)
(0.799800 0.000000 0.026253)
(0.800801 0.000000 0.026142)
(0.801802 0.000000 0.026031)
(0.802803 0.000000 0.025920)
(0.803804 0.000000 0.025809)
(0.804805 0.000000 0.025697)
(0.805806 0.000000 0.025586)
(0.806807 0.000000 0.025474)
(0.807808 0.000000 0.025362)
(0.808809 0.000000 0.025250)
(0.809810 0.000000 0.025138)
(0.810811 0.000000 0.025026)
(0.811812 0.000000 0.024914)
(0.812813 0.000000 0.024801)
(0.813814 0.000000 0.024688)
(0.814815 0.000000 0.024576)
(0.815816 0.000000 0.024463)
(0.816817 0.000000 0.024350)
(0.817818 0.000000 0.024236)
(0.818819 0.000000 0.024123)
(0.819820 0.000000 0.024010)
(0.820821 0.000000 0.023896)
(0.821822 0.000000 0.023782)
(0.822823 0.000000 0.023669)
(0.823824 0.000000 0.023555)
(0.824825 0.000000 0.023440)
(0.825826 0.000000 0.023326)
(0.826827 0.000000 0.023212)
(0.827828 0.000000 0.023097)
(0.828829 0.000000 0.022983)
(0.829830 0.000000 0.022868)
(0.830831 0.000000 0.022753)
(0.831832 0.000000 0.022638)
(0.832833 0.000000 0.022523)
(0.833834 0.000000 0.022407)
(0.834835 0.000000 0.022292)
(0.835836 0.000000 0.022176)
(0.836837 0.000000 0.022060)
(0.837838 0.000000 0.021944)
(0.838839 0.000000 0.021828)
(0.839840 0.000000 0.021712)
(0.840841 0.000000 0.021596)
(0.841842 0.000000 0.021480)
(0.842843 0.000000 0.021363)
(0.843844 0.000000 0.021246)
(0.844845 0.000000 0.021129)
(0.845846 0.000000 0.021013)
(0.846847 0.000000 0.020895)
(0.847848 0.000000 0.020778)
(0.848849 0.000000 0.020661)
(0.849850 0.000000 0.020543)
(0.850851 0.000000 0.020426)
(0.851852 0.000000 0.020308)
(0.852853 0.000000 0.020190)
(0.853854 0.000000 0.020072)
(0.854855 0.000000 0.019954)
(0.855856 0.000000 0.019835)
(0.856857 0.000000 0.019717)
(0.857858 0.000000 0.019598)
(0.858859 0.000000 0.019479)
(0.859860 0.000000 0.019361)
(0.860861 0.000000 0.019241)
(0.861862 0.000000 0.019122)
(0.862863 0.000000 0.019003)
(0.863864 0.000000 0.018884)
(0.864865 0.000000 0.018764)
(0.865866 0.000000 0.018644)
(0.866867 0.000000 0.018524)
(0.867868 0.000000 0.018404)
(0.868869 0.000000 0.018284)
(0.869870 0.000000 0.018164)
(0.870871 0.000000 0.018044)
(0.871872 0.000000 0.017923)
(0.872873 0.000000 0.017802)
(0.873874 0.000000 0.017681)
(0.874875 0.000000 0.017560)
(0.875876 0.000000 0.017439)
(0.876877 0.000000 0.017318)
(0.877878 0.000000 0.017197)
(0.878879 0.000000 0.017075)
(0.879880 0.000000 0.016953)
(0.880881 0.000000 0.016832)
(0.881882 0.000000 0.016710)
(0.882883 0.000000 0.016587)
(0.883884 0.000000 0.016465)
(0.884885 0.000000 0.016343)
(0.885886 0.000000 0.016220)
(0.886887 0.000000 0.016098)
(0.887888 0.000000 0.015975)
(0.888889 0.000000 0.015852)
(0.889890 0.000000 0.015729)
(0.890891 0.000000 0.015605)
(0.891892 0.000000 0.015482)
(0.892893 0.000000 0.015358)
(0.893894 0.000000 0.015235)
(0.894895 0.000000 0.015111)
(0.895896 0.000000 0.014987)
(0.896897 0.000000 0.014863)
(0.897898 0.000000 0.014739)
(0.898899 0.000000 0.014614)
(0.899900 0.000000 0.014490)
(0.900901 0.000000 0.014365)
(0.901902 0.000000 0.014240)
(0.902903 0.000000 0.014115)
(0.903904 0.000000 0.013990)
(0.904905 0.000000 0.013865)
(0.905906 0.000000 0.013739)
(0.906907 0.000000 0.013614)
(0.907908 0.000000 0.013488)
(0.908909 0.000000 0.013362)
(0.909910 0.000000 0.013236)
(0.910911 0.000000 0.013110)
(0.911912 0.000000 0.012984)
(0.912913 0.000000 0.012857)
(0.913914 0.000000 0.012731)
(0.914915 0.000000 0.012604)
(0.915916 0.000000 0.012477)
(0.916917 0.000000 0.012350)
(0.917918 0.000000 0.012223)
(0.918919 0.000000 0.012095)
(0.919920 0.000000 0.011968)
(0.920921 0.000000 0.011840)
(0.921922 0.000000 0.011712)
(0.922923 0.000000 0.011584)
(0.923924 0.000000 0.011456)
(0.924925 0.000000 0.011328)
(0.925926 0.000000 0.011200)
(0.926927 0.000000 0.011071)
(0.927928 0.000000 0.010942)
(0.928929 0.000000 0.010814)
(0.929930 0.000000 0.010685)
(0.930931 0.000000 0.010555)
(0.931932 0.000000 0.010426)
(0.932933 0.000000 0.010297)
(0.933934 0.000000 0.010167)
(0.934935 0.000000 0.010037)
(0.935936 0.000000 0.009907)
(0.936937 0.000000 0.009777)
(0.937938 0.000000 0.009647)
(0.938939 0.000000 0.009517)
(0.939940 0.000000 0.009386)
(0.940941 0.000000 0.009255)
(0.941942 0.000000 0.009125)
(0.942943 0.000000 0.008994)
(0.943944 0.000000 0.008862)
(0.944945 0.000000 0.008731)
(0.945946 0.000000 0.008600)
(0.946947 0.000000 0.008468)
(0.947948 0.000000 0.008336)
(0.948949 0.000000 0.008204)
(0.949950 0.000000 0.008072)
(0.950951 0.000000 0.007940)
(0.951952 0.000000 0.007808)
(0.952953 0.000000 0.007675)
(0.953954 0.000000 0.007542)
(0.954955 0.000000 0.007409)
(0.955956 0.000000 0.007276)
(0.956957 0.000000 0.007143)
(0.957958 0.000000 0.007010)
(0.958959 0.000000 0.006876)
(0.959960 0.000000 0.006743)
(0.960961 0.000000 0.006609)
(0.961962 0.000000 0.006475)
(0.962963 0.000000 0.006340)
(0.963964 0.000000 0.006206)
(0.964965 0.000000 0.006072)
(0.965966 0.000000 0.005937)
(0.966967 0.000000 0.005802)
(0.967968 0.000000 0.005667)
(0.968969 0.000000 0.005532)
(0.969970 0.000000 0.005397)
(0.970971 0.000000 0.005261)
(0.971972 0.000000 0.005126)
(0.972973 0.000000 0.004990)
(0.973974 0.000000 0.004854)
(0.974975 0.000000 0.004718)
(0.975976 0.000000 0.004581)
(0.976977 0.000000 0.004445)
(0.977978 0.000000 0.004308)
(0.978979 0.000000 0.004172)
(0.979980 0.000000 0.004035)
(0.980981 0.000000 0.003898)
(0.981982 0.000000 0.003760)
(0.982983 0.000000 0.003623)
(0.983984 0.000000 0.003485)
(0.984985 0.000000 0.003347)
(0.985986 0.000000 0.003209)
(0.986987 0.000000 0.003071)
(0.987988 0.000000 0.002933)
(0.988989 0.000000 0.002795)
(0.989990 0.000000 0.002656)
(0.990991 0.000000 0.002517)
(0.991992 0.000000 0.002378)
(0.992993 0.000000 0.002239)
(0.993994 0.000000 0.002100)
(0.994995 0.000000 0.001960)
(0.995996 0.000000 0.001820)
(0.996997 0.000000 0.001681)
(0.997998 0.000000 0.001541)
(0.998999 0.000000 0.001400)
(1.000000 0.000000 0.001260)
)
    polyLine 2 9 (
(0.050050 0.100000 0.035562)
(0.051051 0.100000 0.035863)
(0.052052 0.100000 0.036159)
(0.053053 0.100000 0.036452)
(0.054054 0.100000 0.036740)
(0.055055 0.100000 0.037025)
(0.056056 0.100000 0.037305)
(0.057057 0.100000 0.037582)
(0.058058 0.100000 0.037856)
(0.059059 0.100000 0.038125)
(0.060060 0.100000 0.038392)
(0.061061 0.100000 0.038655)
(0.062062 0.100000 0.038914)
(0.063063 0.100000 0.039170)
(0.064064 0.100000 0.039424)
(0.065065 0.100000 0.039674)
(0.066066 0.100000 0.039921)
(0.067067 0.100000 0.040165)
(0.068068 0.100000 0.040406)
(0.069069 0.100000 0.040644)
(0.070070 0.100000 0.040879)
(0.071071 0.100000 0.041112)
(0.072072 0.100000 0.041342)
(0.073073 0.100000 0.041569)
(0.074074 0.100000 0.041794)
(0.075075 0.100000 0.042016)
(0.076076 0.100000 0.042235)
(0.077077 0.100000 0.042452)
(0.078078 0.100000 0.042667)
(0.079079 0.100000 0.042879)
(0.080080 0.100000 0.043089)
(0.081081 0.100000 0.043297)
(0.082082 0.100000 0.043502)
(0.083083 0.100000 0.043705)
(0.084084 0.100000 0.043906)
(0.085085 0.100000 0.044104)
(0.086086 0.100000 0.044301)
(0.087087 0.100000 0.044495)
(0.088088 0.100000 0.044688)
(0.089089 0.100000 0.044878)
(0.090090 0.100000 0.045066)
(0.091091 0.100000 0.045253)
(0.092092 0.100000 0.045437)
(0.093093 0.100000 0.045620)
(0.094094 0.100000 0.045800)
(0.095095 0.100000 0.045979)
(0.096096 0.100000 0.046155)
(0.097097 0.100000 0.046330)
(0.098098 0.100000 0.046504)
(0.099099 0.100000 0.046675)
(0.100100 0.100000 0.046845)
(0.101101 0.100000 0.047012)
(0.102102 0.100000 0.047179)
(0.103103 0.100000 0.047343)
(0.104104 0.100000 0.047506)
(0.105105 0.100000 0.047667)
(0.106106 0.100000 0.047827)
(0.107107 0.100000 0.047984)
(0.108108 0.100000 0.048141)
(0.109109 0.100000 0.048295)
(0.110110 0.100000 0.048449)
(0.111111 0.100000 0.048600)
(0.112112 0.100000 0.048750)
(0.113113 0.100000 0.048899)
(0.114114 0.100000 0.049046)
(0.115115 0.100000 0.049192)
(0.116116 0.100000 0.049336)
(0.117117 0.100000 0.049479)
(0.118118 0.100000 0.049620)
(0.119119 0.100000 0.049760)
(0.120120 0.100000 0.049898)
(0.121121 0.100000 0.050035)
(0.122122 0.100000 0.050171)
(0.123123 0.100000 0.050306)
(0.124124 0.100000 0.050439)
(0.125125 0.100000 0.050570)
(0.126126 0.100000 0.050701)
(0.127127 0.100000 0.050830)
(0.128128 0.100000 0.050958)
(0.129129 0.100000 0.051084)
(0.130130 0.100000 0.051210)
(0.131131 0.100000 0.051334)
(0.132132 0.100000 0.051456)
(0.133133 0.100000 0.051578)
(0.134134 0.100000 0.051698)
(0.135135 0.100000 0.051818)
(0.136136 0.100000 0.051935)
(0.137137 0.100000 0.052052)
(0.138138 0.100000 0.052168)
(0.139139 0.100000 0.052282)
(0.140140 0.100000 0.052396)
(0.141141 0.100000 0.052508)
(0.142142 0.100000 0.052619)
(0.143143 0.100000 0.052729)
(0.144144 0.100000 0.052837)
(0.145145 0.100000 0.052945)
(0.146146 0.100000 0.053051)
(0.147147 0.100000 0.053157)
(0.148148 0.100000 0.053261)
(0.149149 0.100000 0.053365)
(0.150150 0.100000 0.053467)
(0.151151 0.100000 0.053568)
(0.152152 0.100000 0.053668)
(0.153153 0.100000 0.053767)
(0.154154 0.100000 0.053865)
(0.155155 0.100000 0.053963)
(0.156156 0.100000 0.054059)
(0.157157 0.100000 0.054154)
(0.158158 0.100000 0.054248)
(0.159159 0.100000 0.054341)
(0.160160 0.100000 0.054433)
(0.161161 0.100000 0.054524)
(0.162162 0.100000 0.054614)
(0.163163 0.100000 0.054703)
(0.164164 0.100000 0.054792)
(0.165165 0.100000 0.054879)
(0.166166 0.100000 0.054965)
(0.167167 0.100000 0.055051)
(0.168168 0.100000 0.055135)
(0.169169 0.100000 0.055219)
(0.170170 0.100000 0.055301)
(0.171171 0.100000 0.055383)
(0.172172 0.100000 0.055464)
(0.173173 0.100000 0.055544)
(0.174174 0.100000 0.055623)
(0.175175 0.100000 0.055701)
(0.176176 0.100000 0.055779)
(0.177177 0.100000 0.055855)
(0.178178 0.100000 0.055931)
(0.179179 0.100000 0.056006)
(0.180180 0.100000 0.056079)
(0.181181 0.100000 0.056152)
(0.182182 0.100000 0.056225)
(0.183183 0.100000 0.056296)
(0.184184 0.100000 0.056367)
(0.185185 0.100000 0.056436)
(0.186186 0.100000 0.056505)
(0.187187 0.100000 0.056573)
(0.188188 0.100000 0.056641)
(0.189189 0.100000 0.056707)
(0.190190 0.100000 0.056773)
(0.191191 0.100000 0.056838)
(0.192192 0.100000 0.056902)
(0.193193 0.100000 0.056965)
(0.194194 0.100000 0.057028)
(0.195195 0.100000 0.057090)
(0.196196 0.100000 0.057151)
(0.197197 0.100000 0.057211)
(0.198198 0.100000 0.057270)
(0.199199 0.100000 0.057329)
(0.200200 0.100000 0.057387)
(0.201201 0.100000 0.057444)
(0.202202 0.100000 0.057501)
(0.203203 0.100000 0.057556)
(0.204204 0.100000 0.057612)
(0.205205 0.100000 0.057666)
(0.206206 0.100000 0.057719)
(0.207207 0.100000 0.057772)
(0.208208 0.100000 0.057824)
(0.209209 0.100000 0.057876)
(0.210210 0.100000 0.057927)
(0.211211 0.100000 0.057977)
(0.212212 0.100000 0.058026)
(0.213213 0.100000 0.058075)
(0.214214 0.100000 0.058122)
(0.215215 0.100000 0.058170)
(0.216216 0.100000 0.058216)
(0.217217 0.100000 0.058262)
(0.218218 0.100000 0.058307)
(0.219219 0.100000 0.058352)
(0.220220 0.100000 0.058396)
(0.221221 0.100000 0.058439)
(0.222222 0.100000 0.058482)
(0.223223 0.100000 0.058524)
(0.224224 0.100000 0.058565)
(0.225225 0.100000 0.058605)
(0.226226 0.100000 0.058645)
(0.227227 0.100000 0.058685)
(0.228228 0.100000 0.058723)
(0.229229 0.100000 0.058761)
(0.230230 0.100000 0.058799)
(0.231231 0.100000 0.058835)
(0.232232 0.100000 0.058872)
(0.233233 0.100000 0.058907)
(0.234234 0.100000 0.058942)
(0.235235 0.100000 0.058976)
(0.236236 0.100000 0.059010)
(0.237237 0.100000 0.059043)
(0.238238 0.100000 0.059076)
(0.239239 0.100000 0.059107)
(0.240240 0.100000 0.059139)
(0.241241 0.100000 0.059169)
(0.242242 0.100000 0.059199)
(0.243243 0.100000 0.059229)
(0.244244 0.100000 0.059258)
(0.245245 0.100000 0.059286)
(0.246246 0.100000 0.059314)
(0.247247 0.100000 0.059341)
(0.248248 0.100000 0.059367)
(0.249249 0.100000 0.059393)
(0.250250 0.100000 0.059419)
(0.251251 0.100000 0.059444)
(0.252252 0.100000 0.059468)
(0.253253 0.100000 0.059492)
(0.254254 0.100000 0.059515)
(0.255255 0.100000 0.059537)
(0.256256 0.100000 0.059559)
(0.257257 0.100000 0.059581)
(0.258258 0.100000 0.059602)
(0.259259 0.100000 0.059622)
(0.260260 0.100000 0.059642)
(0.261261 0.100000 0.059661)
(0.262262 0.100000 0.059680)
(0.263263 0.100000 0.059698)
(0.264264 0.100000 0.059716)
(0.265265 0.100000 0.059733)
(0.266266 0.100000 0.059750)
(0.267267 0.100000 0.059766)
(0.268268 0.100000 0.059781)
(0.269269 0.100000 0.059796)
(0.270270 0.100000 0.059811)
(0.271271 0.100000 0.059825)
(0.272272 0.100000 0.059839)
(0.273273 0.100000 0.059852)
(0.274274 0.100000 0.059864)
(0.275275 0.100000 0.059876)
(0.276276 0.100000 0.059888)
(0.277277 0.100000 0.059898)
(0.278278 0.100000 0.059909)
(0.279279 0.100000 0.059919)
(0.280280 0.100000 0.059928)
(0.281281 0.100000 0.059937)
(0.282282 0.100000 0.059946)
(0.283283 0.100000 0.059954)
(0.284284 0.100000 0.059961)
(0.285285 0.100000 0.059968)
(0.286286 0.100000 0.059975)
(0.287287 0.100000 0.059981)
(0.288288 0.100000 0.059987)
(0.289289 0.100000 0.059992)
(0.290290 0.100000 0.059996)
(0.291291 0.100000 0.060001)
(0.292292 0.100000 0.060004)
(0.293293 0.100000 0.060008)
(0.294294 0.100000 0.060010)
(0.295295 0.100000 0.060013)
(0.296296 0.100000 0.060014)
(0.297297 0.100000 0.060016)
(0.298298 0.100000 0.060017)
(0.299299 0.100000 0.060017)
(0.300300 0.100000 0.060017)
(0.301301 0.100000 0.060017)
(0.302302 0.100000 0.060016)
(0.303303 0.100000 0.060015)
(0.304304 0.100000 0.060013)
(0.305305 0.100000 0.060011)
(0.306306 0.100000 0.060008)
(0.307307 0.100000 0.060005)
(0.308308 0.100000 0.060001)
(0.309309 0.100000 0.059997)
(0.310310 0.100000 0.059993)
(0.311311 0.100000 0.059988)
(0.312312 0.100000 0.059983)
(0.313313 0.100000 0.059977)
(0.314314 0.100000 0.059971)
(0.315315 0.100000 0.059964)
(0.316316 0.100000 0.059957)
(0.317317 0.100000 0.059950)
(0.318318 0.100000 0.059942)
(0.319319 0.100000 0.059934)
(0.320320 0.100000 0.059925)
(0.321321 0.100000 0.059916)
(0.322322 0.100000 0.059906)
(0.323323 0.100000 0.059897)
(0.324324 0.100000 0.059886)
(0.325325 0.100000 0.059875)
(0.326326 0.100000 0.059864)
(0.327327 0.100000 0.059853)
(0.328328 0.100000 0.059841)
(0.329329 0.100000 0.059829)
(0.330330 0.100000 0.059816)
(0.331331 0.100000 0.059803)
(0.332332 0.100000 0.059789)
(0.333333 0.100000 0.059775)
(0.334334 0.100000 0.059761)
(0.335335 0.100000 0.059746)
(0.336336 0.100000 0.059731)
(0.337337 0.100000 0.059715)
(0.338338 0.100000 0.059699)
(0.339339 0.100000 0.059683)
(0.340340 0.100000 0.059667)
(0.341341 0.100000 0.059649)
(0.342342 0.100000 0.059632)
(0.343343 0.100000 0.059614)
(0.344344 0.100000 0.059596)
(0.345345 0.100000 0.059577)
(0.346346 0.100000 0.059559)
(0.347347 0.100000 0.059539)
(0.348348 0.100000 0.059519)
(0.349349 0.100000 0.059499)
(0.350350 0.100000 0.059479)
(0.351351 0.100000 0.059458)
(0.352352 0.100000 0.059437)
(0.353353 0.100000 0.059415)
(0.354354 0.100000 0.059394)
(0.355355 0.100000 0.059371)
(0.356356 0.100000 0.059349)
(0.357357 0.100000 0.059326)
(0.358358 0.100000 0.059302)
(0.359359 0.100000 0.059279)
(0.360360 0.100000 0.059255)
(0.361361 0.100000 0.059230)
(0.362362 0.100000 0.059205)
(0.363363 0.100000 0.059180)
(0.364364 0.100000 0.059155)
(0.365365 0.100000 0.059129)
(0.366366 0.100000 0.059103)
(0.367367 0.100000 0.059076)
(0.368368 0.100000 0.059049)
(0.369369 0.100000 0.059022)
(0.370370 0.100000 0.058995)
(0.371371 0.100000 0.058967)
(0.372372 0.100000 0.058939)
(0.373373 0.100000 0.058910)
(0.374374 0.100000 0.058881)
(0.375375 0.100000 0.058852)
(0.376376 0.100000 0.058822)
(0.377377 0.100000 0.058792)
(0.378378 0.100000 0.058762)
(0.379379 0.100000 0.058732)
(0.380380 0.100000 0.058701)
(0.381381 0.100000 0.058669)
(0.382382 0.100000 0.058638)
(0.383383 0.100000 0.058606)
(0.384384 0.100000 0.058574)
(0.385385 0.100000 0.058541)
(0.386386 0.100000 0.058508)
(0.387387 0.100000 0.058475)
(0.388388 0.100000 0.058442)
(0.389389 0.100000 0.058408)
(0.390390 0.100000 0.058374)
(0.391391 0.100000 0.058339)
(0.392392 0.100000 0.058305)
(0.393393 0.100000 0.058269)
(0.394394 0.100000 0.058234)
(0.395395 0.100000 0.058198)
(0.396396 0.100000 0.058162)
(0.397397 0.100000 0.058126)
(0.398398 0.100000 0.058089)
(0.399399 0.100000 0.058052)
(0.400400 0.100000 0.058015)
(0.401401 0.100000 0.057978)
(0.402402 0.100000 0.057940)
(0.403403 0.100000 0.057902)
(0.404404 0.100000 0.057863)
(0.405405 0.100000 0.057824)
(0.406406 0.100000 0.057785)
(0.407407 0.100000 0.057746)
(0.408408 0.100000 0.057706)
(0.409409 0.100000 0.057666)
(0.410410 0.100000 0.057626)
(0.411411 0.100000 0.057585)
(0.412412 0.100000 0.057545)
(0.413413 0.100000 0.057503)
(0.414414 0.100000 0.057462)
(0.415415 0.100000 0.057420)
(0.416416 0.100000 0.057378)
(0.417417 0.100000 0.057336)
(0.418418 0.100000 0.057293)
(0.419419 0.100000 0.057250)
(0.420420 0.100000 0.057207)
(0.421421 0.100000 0.057164)
(0.422422 0.100000 0.057120)
(0.423423 0.100000 0.057076)
(0.424424 0.100000 0.057032)
(0.425425 0.100000 0.056987)
(0.426426 0.100000 0.056942)
(0.427427 0.100000 0.056897)
(0.428428 0.100000 0.056852)
(0.429429 0.100000 0.056806)
(0.430430 0.100000 0.056760)
(0.431431 0.100000 0.056714)
(0.432432 0.100000 0.056667)
(0.433433 0.100000 0.056621)
(0.434434 0.100000 0.056574)
(0.435435 0.100000 0.056526)
(0.436436 0.100000 0.056479)
(0.437437 0.100000 0.056431)
(0.438438 0.100000 0.056383)
(0.439439 0.100000 0.056334)
(0.440440 0.100000 0.056285)
(0.441441 0.100000 0.056237)
(0.442442 0.100000 0.056187)
(0.443443 0.100000 0.056138)
(0.444444 0.100000 0.056088)
(0.445445 0.100000 0.056038)
(0.446446 0.100000 0.055988)
(0.447447 0.100000 0.055937)
(0.448448 0.100000 0.055887)
(0.449449 0.100000 0.055836)
(0.450450 0.100000 0.055784)
(0.451451 0.100000 0.055733)
(0.452452 0.100000 0.055681)
(0.453453 0.100000 0.055629)
(0.454454 0.100000 0.055577)
(0.455455 0.100000 0.055524)
(0.456456 0.100000 0.055471)
(0.457457 0.100000 0.055418)
(0.458458 0.100000 0.055365)
(0.459459 0.100000 0.055311)
(0.460460 0.100000 0.055257)
(0.461461 0.100000 0.055203)
(0.462462 0.100000 0.055149)
(0.463463 0.100000 0.055094)
(0.464464 0.100000 0.055040)
(0.465465 0.100000 0.054984)
(0.466466 0.100000 0.054929)
(0.467467 0.100000 0.054874)
(0.468468 0.100000 0.054818)
(0.469469 0.100000 0.054762)
(0.470470 0.100000 0.054705)
(0.471471 0.100000 0.054649)
(0.472472 0.100000 0.054592)
(0.473473 0.100000 0.054535)
(0.474474 0.100000 0.054478)
(0.475475 0.100000 0.054421)
(0.476476 0.100000 0.054363)
(0.477477 0.100000 0.054305)
(0.478478 0.100000 0.054247)
(0.479479 0.100000 0.054188)
(0.480480 0.100000 0.054130)
(0.481481 0.100000 0.054071)
(0.482482 0.100000 0.054012)
(0.483483 0.100000 0.053952)
(0.484484 0.100000 0.053893)
(0.485485 0.100000 0.053833)
(0.486486 0.100000 0.053773)
(0.487487 0.100000 0.053713)
(0.488488 0.100000 0.053652)
(0.489489 0.100000 0.053591)
(0.490490 0.100000 0.053530)
(0.491491 0.100000 0.053469)
(0.492492 0.100000 0.053408)
(0.493493 0.100000 0.053346)
(0.494494 0.100000 0.053284)
(0.495495 0.100000 0.053222)
(0.496496 0.100000 0.053160)
(0.497497 0.100000 0.053098)
(0.498498 0.100000 0.053035)
(0.499499 0.100000 0.052972)
(0.500501 0.100000 0.052909)
(0.501502 0.100000 0.052845)
(0.502503 0.100000 0.052782)
(0.503504 0.100000 0.052718)
(0.504505 0.100000 0.052654)
(0.505506 0.100000 0.052589)
(0.506507 0.100000 0.052525)
(0.507508 0.100000 0.052460)
(0.508509 0.100000 0.052395)
(0.509510 0.100000 0.052330)
(0.510511 0.100000 0.052265)
(0.511512 0.100000 0.052199)
(0.512513 0.100000 0.052134)
(0.513514 0.100000 0.052068)
(0.514515 0.100000 0.052002)
(0.515516 0.100000 0.051935)
(0.516517 0.100000 0.051869)
(0.517518 0.100000 0.051802)
(0.518519 0.100000 0.051735)
(0.519520 0.100000 0.051667)
(0.520521 0.100000 0.051600)
(0.521522 0.100000 0.051532)
(0.522523 0.100000 0.051465)
(0.523524 0.100000 0.051397)
(0.524525 0.100000 0.051328)
(0.525526 0.100000 0.051260)
(0.526527 0.100000 0.051191)
(0.527528 0.100000 0.051122)
(0.528529 0.100000 0.051053)
(0.529530 0.100000 0.050984)
(0.530531 0.100000 0.050915)
(0.531532 0.100000 0.050845)
(0.532533 0.100000 0.050775)
(0.533534 0.100000 0.050705)
(0.534535 0.100000 0.050635)
(0.535536 0.100000 0.050564)
(0.536537 0.100000 0.050494)
(0.537538 0.100000 0.050423)
(0.538539 0.100000 0.050352)
(0.539540 0.100000 0.050280)
(0.540541 0.100000 0.050209)
(0.541542 0.100000 0.050137)
(0.542543 0.100000 0.050065)
(0.543544 0.100000 0.049993)
(0.544545 0.100000 0.049921)
(0.545546 0.100000 0.049849)
(0.546547 0.100000 0.049776)
(0.547548 0.100000 0.049703)
(0.548549 0.100000 0.049630)
(0.549550 0.100000 0.049557)
(0.550551 0.100000 0.049484)
(0.551552 0.100000 0.049410)
(0.552553 0.100000 0.049337)
(0.553554 0.100000 0.049263)
(0.554555 0.100000 0.049189)
(0.555556 0.100000 0.049114)
(0.556557 0.100000 0.049040)
(0.557558 0.100000 0.048965)
(0.558559 0.100000 0.048890)
(0.559560 0.100000 0.048815)
(0.560561 0.100000 0.048740)
(0.561562 0.100000 0.048665)
(0.562563 0.100000 0.048589)
(0.563564 0.100000 0.048513)
(0.564565 0.100000 0.048437)
(0.565566 0.100000 0.048361)
(0.566567 0.100000 0.048285)
(0.567568 0.100000 0.048208)
(0.568569 0.100000 0.048131)
(0.569570 0.100000 0.048055)
(0.570571 0.100000 0.047978)
(0.571572 0.100000 0.047900)
(0.572573 0.100000 0.047823)
(0.573574 0.100000 0.047745)
(0.574575 0.100000 0.047668)
(0.575576 0.100000 0.047590)
(0.576577 0.100000 0.047511)
(0.577578 0.100000 0.047433)
(0.578579 0.100000 0.047355)
(0.579580 0.100000 0.047276)
(0.580581 0.100000 0.047197)
(0.581582 0.100000 0.047118)
(0.582583 0.100000 0.047039)
(0.583584 0.100000 0.046960)
(0.584585 0.100000 0.046880)
(0.585586 0.100000 0.046800)
(0.586587 0.100000 0.046721)
(0.587588 0.100000 0.046640)
(0.588589 0.100000 0.046560)
(0.589590 0.100000 0.046480)
(0.590591 0.100000 0.046399)
(0.591592 0.100000 0.046319)
(0.592593 0.100000 0.046238)
(0.593594 0.100000 0.046157)
(0.594595 0.100000 0.046075)
(0.595596 0.100000 0.045994)
(0.596597 0.100000 0.045912)
(0.597598 0.100000 0.045831)
(0.598599 0.100000 0.045749)
(0.599600 0.100000 0.045667)
(0.600601 0.100000 0.045584)
(0.601602 0.100000 0.045502)
(0.602603 0.100000 0.045419)
(0.603604 0.100000 0.045337)
(0.604605 0.100000 0.045254)
(0.605606 0.100000 0.045171)
(0.606607 0.100000 0.045087)
(0.607608 0.100000 0.045004)
(0.608609 0.100000 0.044920)
(0.609610 0.100000 0.044837)
(0.610611 0.100000 0.044753)
(0.611612 0.100000 0.044669)
(0.612613 0.100000 0.044584)
(0.613614 0.100000 0.044500)
(0.614615 0.100000 0.044415)
(0.615616 0.100000 0.044331)
(0.616617 0.100000 0.044246)
(0.617618 0.100000 0.044161)
(0.618619 0.100000 0.044076)
(0.619620 0.100000 0.043990)
(0.620621 0.100000 0.043905)
(0.621622 0.100000 0.043819)
(0.622623 0.100000 0.043733)
(0.623624 0.100000 0.043647)
(0.624625 0.100000 0.043561)
(0.625626 0.100000 0.043475)
(0.626627 0.100000 0.043388)
(0.627628 0.100000 0.043302)
(0.628629 0.100000 0.043215)
(0.629630 0.100000 0.043128)
(0.630631 0.100000 0.043041)
(0.631632 0.100000 0.042954)
(0.632633 0.100000 0.042866)
(0.633634 0.100000 0.042779)
(0.634635 0.100000 0.042691)
(0.635636 0.100000 0.042603)
(0.636637 0.100000 0.042515)
(0.637638 0.100000 0.042427)
(0.638639 0.100000 0.042338)
(0.639640 0.100000 0.042250)
(0.640641 0.100000 0.042161)
(0.641642 0.100000 0.042072)
(0.642643 0.100000 0.041983)
(0.643644 0.100000 0.041894)
(0.644645 0.100000 0.041805)
(0.645646 0.100000 0.041716)
(0.646647 0.100000 0.041626)
(0.647648 0.100000 0.041536)
(0.648649 0.100000 0.041447)
(0.649650 0.100000 0.041357)
(0.650651 0.100000 0.041266)
(0.651652 0.100000 0.041176)
(0.652653 0.100000 0.041086)
(0.653654 0.100000 0.040995)
(0.654655 0.100000 0.040904)
(0.655656 0.100000 0.040813)
(0.656657 0.100000 0.040722)
(0.657658 0.100000 0.040631)
(0.658659 0.100000 0.040540)
(0.659660 0.100000 0.040448)
(0.660661 0.100000 0.040356)
(0.661662 0.100000 0.040265)
(0.662663 0.100000 0.040173)
(0.663664 0.100000 0.040081)
(0.664665 0.100000 0.039988)
(0.665666 0.100000 0.039896)
(0.666667 0.100000 0.039803)
(0.667668 0.100000 0.039711)
(0.668669 0.100000 0.039618)
(0.669670 0.100000 0.039525)
(0.670671 0.100000 0.039432)
(0.671672 0.100000 0.039338)
(0.672673 0.100000 0.039245)
(0.673674 0.100000 0.039151)
(0.674675 0.100000 0.039058)
(0.675676 0.100000 0.038964)
(0.676677 0.100000 0.038870)
(0.677678 0.100000 0.038776)
(0.678679 0.100000 0.038681)
(0.679680 0.100000 0.038587)
(0.680681 0.100000 0.038492)
(0.681682 0.100000 0.038398)
(0.682683 0.100000 0.038303)
(0.683684 0.100000 0.038208)
(0.684685 0.100000 0.038113)
(0.685686 0.100000 0.038017)
(0.686687 0.100000 0.037922)
(0.687688 0.100000 0.037826)
(0.688689 0.100000 0.037731)
(0.689690 0.100000 0.037635)
(0.690691 0.100000 0.037539)
(0.691692 0.100000 0.037443)
(0.692693 0.100000 0.037346)
(0.693694 0.100000 0.037250)
(0.694695 0.100000 0.037153)
(0.695696 0.100000 0.037057)
(0.696697 0.100000 0.036960)
(0.697698 0.100000 0.036863)
(0.698699 0.100000 0.036766)
(0.699700 0.100000 0.036668)
(0.700701 0.100000 0.036571)
(0.701702 0.100000 0.036473)
(0.702703 0.100000 0.036376)
(0.703704 0.100000 0.036278)
(0.704705 0.100000 0.036180)
(0.705706 0.100000 0.036082)
(0.706707 0.100000 0.035983)
(0.707708 0.100000 0.035885)
(0.708709 0.100000 0.035787)
(0.709710 0.100000 0.035688)
(0.710711 0.100000 0.035589)
(0.711712 0.100000 0.035490)
(0.712713 0.100000 0.035391)
(0.713714 0.100000 0.035292)
(0.714715 0.100000 0.035192)
(0.715716 0.100000 0.035093)
(0.716717 0.100000 0.034993)
(0.717718 0.100000 0.034894)
(0.718719 0.100000 0.034794)
(0.719720 0.100000 0.034694)
(0.720721 0.100000 0.034593)
(0.721722 0.100000 0.034493)
(0.722723 0.100000 0.034393)
(0.723724 0.100000 0.034292)
(0.724725 0.100000 0.034191)
(0.725726 0.100000 0.034091)
(0.726727 0.100000 0.033990)
(0.727728 0.100000 0.033888)
(0.728729 0.100000 0.033787)
(0.729730 0.100000 0.033686)
(0.730731 0.100000 0.033584)
(0.731732 0.100000 0.033482)
(0.732733 0.100000 0.033381)
(0.733734 0.100000 0.033279)
(0.734735 0.100000 0.033177)
(0.735736 0.100000 0.033074)
(0.736737 0.100000 0.032972)
(0.737738 0.100000 0.032870)
(0.738739 0.100000 0.032767)
(0.739740 0.100000 0.032664)
(0.740741 0.100000 0.032561)
(0.741742 0.100000 0.032458)
(0.742743 0.100000 0.032355)
(0.743744 0.100000 0.032252)
(0.744745 0.100000 0.032148)
(0.745746 0.100000 0.032045)
(0.746747 0.100000 0.031941)
(0.747748 0.100000 0.031837)
(0.748749 0.100000 0.031733)
(0.749750 0.100000 0.031629)
(0.750751 0.100000 0.031525)
(0.751752 0.100000 0.031420)
(0.752753 0.100000 0.031316)
(0.753754 0.100000 0.031211)
(0.754755 0.100000 0.031107)
(0.755756 0.100000 0.031002)
(0.756757 0.100000 0.030897)
(0.757758 0.100000 0.030791)
(0.758759 0.100000 0.030686)
(0.759760 0.100000 0.030581)
(0.760761 0.100000 0.030475)
(0.761762 0.100000 0.030369)
(0.762763 0.100000 0.030263)
(0.763764 0.100000 0.030158)
(0.764765 0.100000 0.030051)
(0.765766 0.100000 0.029945)
(0.766767 0.100000 0.029839)
(0.767768 0.100000 0.029732)
(0.768769 0.100000 0.029626)
(0.769770 0.100000 0.029519)
(0.770771 0.100000 0.029412)
(0.771772 0.100000 0.029305)
(0.772773 0.100000 0.029198)
(0.773774 0.100000 0.029090)
(0.774775 0.100000 0.028983)
(0.775776 0.100000 0.028875)
(0.776777 0.100000 0.028768)
(0.777778 0.100000 0.028660)
(0.778779 0.100000 0.028552)
(0.779780 0.100000 0.028444)
(0.780781 0.100000 0.028335)
(0.781782 0.100000 0.028227)
(0.782783 0.100000 0.028118)
(0.783784 0.100000 0.028010)
(0.784785 0.100000 0.027901)
(0.785786 0.100000 0.027792)
(0.786787 0.100000 0.027683)
(0.787788 0.100000 0.027574)
(0.788789 0.100000 0.027465)
(0.789790 0.100000 0.027355)
(0.790791 0.100000 0.027246)
(0.791792 0.100000 0.027136)
(0.792793 0.100000 0.027026)
(0.793794 0.100000 0.026916)
(0.794795 0.100000 0.026806)
(0.795796 0.100000 0.026696)
(0.796797 0.100000 0.026585)
(0.797798 0.100000 0.026475)
(0.798799 0.100000 0.026364)
(0.799800 0.100000 0.026253)
(0.800801 0.100000 0.026142)
(0.801802 0.100000 0.026031)
(0.802803 0.100000 0.025920)
(0.803804 0.100000 0.025809)
(0.804805 0.100000 0.025697)
(0.805806 0.100000 0.025586)
(0.806807 0.100000 0.025474)
(0.807808 0.100000 0.025362)
(0.808809 0.100000 0.025250)
(0.809810 0.100000 0.025138)
(0.810811 0.100000 0.025026)
(0.811812 0.100000 0.024914)
(0.812813 0.100000 0.024801)
(0.813814 0.100000 0.024688)
(0.814815 0.100000 0.024576)
(0.815816 0.100000 0.024463)
(0.816817 0.100000 0.024350)
(0.817818 0.100000 0.024236)
(0.818819 0.100000 0.024123)
(0.819820 0.100000 0.024010)
(0.820821 0.100000 0.023896)
(0.821822 0.100000 0.023782)
(0.822823 0.100000 0.023669)
(0.823824 0.100000 0.023555)
(0.824825 0.100000 0.023440)
(0.825826 0.100000 0.023326)
(0.826827 0.100000 0.023212)
(0.827828 0.100000 0.023097)
(0.828829 0.100000 0.022983)
(0.829830 0.100000 0.022868)
(0.830831 0.100000 0.022753)
(0.831832 0.100000 0.022638)
(0.832833 0.100000 0.022523)
(0.833834 0.100000 0.022407)
(0.834835 0.100000 0.022292)
(0.835836 0.100000 0.022176)
(0.836837 0.100000 0.022060)
(0.837838 0.100000 0.021944)
(0.838839 0.100000 0.021828)
(0.839840 0.100000 0.021712)
(0.840841 0.100000 0.021596)
(0.841842 0.100000 0.021480)
(0.842843 0.100000 0.021363)
(0.843844 0.100000 0.021246)
(0.844845 0.100000 0.021129)
(0.845846 0.100000 0.021013)
(0.846847 0.100000 0.020895)
(0.847848 0.100000 0.020778)
(0.848849 0.100000 0.020661)
(0.849850 0.100000 0.020543)
(0.850851 0.100000 0.020426)
(0.851852 0.100000 0.020308)
(0.852853 0.100000 0.020190)
(0.853854 0.100000 0.020072)
(0.854855 0.100000 0.019954)
(0.855856 0.100000 0.019835)
(0.856857 0.100000 0.019717)
(0.857858 0.100000 0.019598)
(0.858859 0.100000 0.019479)
(0.859860 0.100000 0.019361)
(0.860861 0.100000 0.019241)
(0.861862 0.100000 0.019122)
(0.862863 0.100000 0.019003)
(0.863864 0.100000 0.018884)
(0.864865 0.100000 0.018764)
(0.865866 0.100000 0.018644)
(0.866867 0.100000 0.018524)
(0.867868 0.100000 0.018404)
(0.868869 0.100000 0.018284)
(0.869870 0.100000 0.018164)
(0.870871 0.100000 0.018044)
(0.871872 0.100000 0.017923)
(0.872873 0.100000 0.017802)
(0.873874 0.100000 0.017681)
(0.874875 0.100000 0.017560)
(0.875876 0.100000 0.017439)
(0.876877 0.100000 0.017318)
(0.877878 0.100000 0.017197)
(0.878879 0.100000 0.017075)
(0.879880 0.100000 0.016953)
(0.880881 0.100000 0.016832)
(0.881882 0.100000 0.016710)
(0.882883 0.100000 0.016587)
(0.883884 0.100000 0.016465)
(0.884885 0.100000 0.016343)
(0.885886 0.100000 0.016220)
(0.886887 0.100000 0.016098)
(0.887888 0.100000 0.015975)
(0.888889 0.100000 0.015852)
(0.889890 0.100000 0.015729)
(0.890891 0.100000 0.015605)
(0.891892 0.100000 0.015482)
(0.892893 0.100000 0.015358)
(0.893894 0.100000 0.015235)
(0.894895 0.100000 0.015111)
(0.895896 0.100000 0.014987)
(0.896897 0.100000 0.014863)
(0.897898 0.100000 0.014739)
(0.898899 0.100000 0.014614)
(0.899900 0.100000 0.014490)
(0.900901 0.100000 0.014365)
(0.901902 0.100000 0.014240)
(0.902903 0.100000 0.014115)
(0.903904 0.100000 0.013990)
(0.904905 0.100000 0.013865)
(0.905906 0.100000 0.013739)
(0.906907 0.100000 0.013614)
(0.907908 0.100000 0.013488)
(0.908909 0.100000 0.013362)
(0.909910 0.100000 0.013236)
(0.910911 0.100000 0.013110)
(0.911912 0.100000 0.012984)
(0.912913 0.100000 0.012857)
(0.913914 0.100000 0.012731)
(0.914915 0.100000 0.012604)
(0.915916 0.100000 0.012477)
(0.916917 0.100000 0.012350)
(0.917918 0.100000 0.012223)
(0.918919 0.100000 0.012095)
(0.919920 0.100000 0.011968)
(0.920921 0.100000 0.011840)
(0.921922 0.100000 0.011712)
(0.922923 0.100000 0.011584)
(0.923924 0.100000 0.011456)
(0.924925 0.100000 0.011328)
(0.925926 0.100000 0.011200)
(0.926927 0.100000 0.011071)
(0.927928 0.100000 0.010942)
(0.928929 0.100000 0.010814)
(0.929930 0.100000 0.010685)
(0.930931 0.100000 0.010555)
(0.931932 0.100000 0.010426)
(0.932933 0.100000 0.010297)
(0.933934 0.100000 0.010167)
(0.934935 0.100000 0.010037)
(0.935936 0.100000 0.009907)
(0.936937 0.100000 0.009777)
(0.937938 0.100000 0.009647)
(0.938939 0.100000 0.009517)
(0.939940 0.100000 0.009386)
(0.940941 0.100000 0.009255)
(0.941942 0.100000 0.009125)
(0.942943 0.100000 0.008994)
(0.943944 0.100000 0.008862)
(0.944945 0.100000 0.008731)
(0.945946 0.100000 0.008600)
(0.946947 0.100000 0.008468)
(0.947948 0.100000 0.008336)
(0.948949 0.100000 0.008204)
(0.949950 0.100000 0.008072)
(0.950951 0.100000 0.007940)
(0.951952 0.100000 0.007808)
(0.952953 0.100000 0.007675)
(0.953954 0.100000 0.007542)
(0.954955 0.100000 0.007409)
(0.955956 0.100000 0.007276)
(0.956957 0.100000 0.007143)
(0.957958 0.100000 0.007010)
(0.958959 0.100000 0.006876)
(0.959960 0.100000 0.006743)
(0.960961 0.100000 0.006609)
(0.961962 0.100000 0.006475)
(0.962963 0.100000 0.006340)
(0.963964 0.100000 0.006206)
(0.964965 0.100000 0.006072)
(0.965966 0.100000 0.005937)
(0.966967 0.100000 0.005802)
(0.967968 0.100000 0.005667)
(0.968969 0.100000 0.005532)
(0.969970 0.100000 0.005397)
(0.970971 0.100000 0.005261)
(0.971972 0.100000 0.005126)
(0.972973 0.100000 0.004990)
(0.973974 0.100000 0.004854)
(0.974975 0.100000 0.004718)
(0.975976 0.100000 0.004581)
(0.976977 0.100000 0.004445)
(0.977978 0.100000 0.004308)
(0.978979 0.100000 0.004172)
(0.979980 0.100000 0.004035)
(0.980981 0.100000 0.003898)
(0.981982 0.100000 0.003760)
(0.982983 0.100000 0.003623)
(0.983984 0.100000 0.003485)
(0.984985 0.100000 0.003347)
(0.985986 0.100000 0.003209)
(0.986987 0.100000 0.003071)
(0.987988 0.100000 0.002933)
(0.988989 0.100000 0.002795)
(0.989990 0.100000 0.002656)
(0.990991 0.100000 0.002517)
(0.991992 0.100000 0.002378)
(0.992993 0.100000 0.002239)
(0.993994 0.100000 0.002100)
(0.994995 0.100000 0.001960)
(0.995996 0.100000 0.001820)
(0.996997 0.100000 0.001681)
(0.997998 0.100000 0.001541)
(0.998999 0.100000 0.001400)
(1.000000 0.100000 0.001260)
)
  ); 	

